(16663,28417) (25603,32437) #6d00#e86#401d#528a#1347#1c8c#22d2#1c8c#e86#6201#1c8c#359a#1365#
(12593,43139) (17347,24797) #9c5f#11c6#3747#948#9a16#3747#15d3#28ac#9a16#3747#995#3747#3488#
(17347,24797) (10207,23449) #162f#20b7#3044#7b#3044#4ed9#2f10#7b#4c7a#2f80#2f80#1274#4db#
(1607,31553) (25603,32437) #6fdc#4bf0#50fa#3c1d#473#3f55#3112#3f55#4bf0#65c0#3f55#6ffe#1154#
(16649,29503) (25603,32437) #2523#5305#3ca5#4ba#4d95#5546#4470#5546#5305#5cfd#5546#190e#1178#
(10207,23449) (16649,29503) #4acc#30a4#677#677#55e0#14e0#5450#24cf#14e0#3369#19e#27c3#4742#
(20563,35011) (25603,32437) #83b1#22c3#61d8#3bd9#33c8#6935#8144#6935#22c3#7cfd#6935#6c2f#7000#
(17923,30967) (25603,32437) #5616#2393#76fc#4cb9#4f06#2047#54e9#2047#2393#5864#2047#eaa#178a#
(8537,37001) (10207,23449) #7138#230e#2e75#5c66#2e75#3bfd#5c02#5c66#2d63#3b9c#3b9c#7672#5d79#
(25603,32437) (10207,23449) #4ad4#586e#5185#2258#5185#433f#ddf#2258#7c70#55c2#55c2#3bfb#2a5d#
